k=2;
n=10;


x1=[-8.21171317, -8.14516022, -7.87117699, -3.69864813, -3.55668897, -2.97559684,
 -1.99088232, -1.20272594, -0.48029384, -0.47373408];

x2=[-7.2108968,  -7.13637337, -7.02976364,  3.93161506,  4.76033492,  3.63598521,
 -4.87015503, -4.48378171, -4.96479813, -3.78224277];